0000
0012
0007
0002
0013
0014
0011
0015
0010
0009
0008
0003
0005
0004
0006
0001
0016
0033
0020
0029
0044
0079
0050
0038
0066
0091
0093
0090
0089
0088
0087
0086
0083
0085
0082
0081
0078
0080
0077
0076
0075
0074
0073
0072
0071
0070
0065
0069
0067
0064
0063
0062
0061
0060
0059
0058
0057
0056
0055
0054
0053
0052
0049
0051
0048
0047
0046
0041
0045
0043
0040
0037
0039
0068
0084
0092
0042
0036
0030
0018
0035
0032
0031
0034
0028
0027
0026
0021
0025
0017
0023
0019
0022
0024
0094
0150
0095
0106
0125
0108
0096
0124
0149
0151
0148
0147
0146
0145
0144
0141
0143
0140
0139
0138
0137
0136
0135
0134
0133
0132
0131
0130
0129
0128
0123
0122
0127
0121
0120
0119
0118
0117
0116
0115
0114
0113
0112
0111
0110
0107
0105
0109
0104
0103
0102
0099
0101
0097
0098
0126
0100
0142
0152
0192
0197
0206
0157
0154
0166
0182
0191
0193
0190
0189
0188
0187
0186
0181
0185
0183
0180
0179
0178
0177
0176
0175
0174
0173
0172
0171
0170
0169
0167
0168
0164
0163
0162
0161
0159
0160
0156
0153
0155
0194
0196
0200
0208
0214
0213
0212
0211
0210
0207
0205
0209
0204
0203
0202
0199
0201
0195
0198
0165
0158
0184
0215
0277
0281
0289
0220
0257
0229
0217
0245
0275
0276
0274
0273
0272
0271
0270
0267
0269
0266
0265
0264
0263
0262
0261
0260
0259
0256
0258
0255
0254
0251
0253
0250
0249
0248
0247
0244
0246
0243
0242
0241
0240
0239
0238
0237
0236
0235
0234
0233
0232
0231
0228
0230
0227
0226
0225
0224
0222
0223
0219
0278
0216
0280
0284
0292
0298
0297
0296
0295
0294
0291
0293
0288
0290
0287
0286
0283
0285
0282
0218
0279
0252
0221
0268
0299
0318
0303
0312
0313
0301
0320
0317
0319
0316
0314
0315
0311
0308
0310
0307
0304
0300
0306
0302
0305
0309
0321
0447
0341
0474
0325
0361
0427
0335
0323
0351
0463
0383
0462
0461
0460
0459
0458
0455
0457
0454
0453
0452
0451
0450
0449
0446
0448
0445
0444
0443
0442
0441
0438
0440
0437
0436
0435
0434
0433
0432
0431
0430
0429
0426
0428
0425
0424
0423
0422
0421
0420
0419
0418
0417
0416
0415
0414
0413
0412
0411
0410
0409
0406
0408
0405
0404
0403
0402
0401
0400
0399
0398
0397
0396
0395
0394
0393
0392
0391
0390
0389
0388
0387
0386
0385
0382
0384
0381
0380
0379
0378
0377
0376
0375
0374
0373
0372
0371
0370
0369
0368
0367
0366
0365
0364
0363
0360
0362
0359
0358
0357
0356
0355
0354
0353
0350
0352
0349
0348
0347
0346
0345
0344
0343
0340
0342
0339
0338
0337
0334
0336
0333
0332
0331
0330
0329
0326
0322
0328
0324
0464
0466
0470
0478
0484
0483
0482
0481
0480
0477
0479
0476
0473
0475
0472
0469
0471
0468
0465
0407
0467
0439
0327
0456
0485
0523
0526
0537
0492
0499
0487
0515
0522
0524
0521
0520
0519
0518
0517
0513
0514
0512
0511
0510
0509
0508
0507
0506
0505
0504
0503
0502
0501
0498
0496
0500
0495
0494
0493
0489
0490
0486
0488
0525
0527
0531
0539
0546
0545
0544
0543
0542
0541
0538
0536
0540
0535
0534
0533
0530
0532
0528
0529
0497
0491
0516
0547
0586
0548
0560
0578
0561
0549
0577
0585
0587
0584
0583
0582
0581
0579
0580
0575
0574
0573
0572
0571
0570
0569
0568
0567
0566
0565
0564
0563
0558
0559
0557
0556
0555
0552
0554
0550
0551
0562
0553
0576
0588
0607
0592
0601
0602
0590
0609
0606
0608
0605
0603
0604
0600
0597
0599
0596
0593
0589
0595
0591
0594
0598
0610
0693
0697
0747
0701
0734
0674
0624
0612
0640
0692
0672
0691
0690
0689
0688
0687
0684
0686
0683
0682
0681
0680
0679
0678
0677
0676
0671
0675
0673
0670
0667
0669
0666
0665
0664
0663
0662
0661
0660
0659
0658
0657
0656
0655
0654
0653
0652
0651
0650
0649
0648
0647
0646
0645
0644
0643
0642
0639
0641
0638
0637
0634
0636
0633
0632
0631
0630
0629
0628
0627
0626
0623
0625
0622
0621
0620
0619
0618
0615
0617
0614
0611
0613
0694
0696
0700
0708
0724
0736
0733
0735
0732
0731
0730
0729
0728
0727
0726
0723
0725
0722
0721
0720
0719
0718
0717
0716
0715
0714
0713
0712
0711
0710
0707
0709
0706
0705
0704
0703
0702
0698
0699
0737
0695
0739
0743
0751
0757
0756
0755
0754
0753
0750
0752
0749
0746
0748
0745
0742
0744
0741
0738
0635
0740
0668
0616
0685
0758
0776
0780
0791
0768
0772
0760
0778
0775
0777
0774
0771
0773
0770
0769
0763
0766
0765
0762
0759
0761
0779
0781
0785
0793
0799
0798
0797
0796
0794
0790
0795
0789
0788
0787
0784
0786
0782
0783
0792
0764
0767
0800
0926
0846
0810
0827
0863
0928
0814
0802
0830
0967
0862
0966
0965
0964
0963
0962
0959
0961
0958
0957
0956
0955
0954
0953
0952
0951
0950
0949
0948
0947
0946
0943
0945
0942
0941
0940
0939
0938
0937
0936
0935
0934
0933
0932
0931
0930
0925
0929
0927
0924
0923
0922
0921
0920
0919
0918
0917
0916
0915
0914
0913
0910
0912
0909
0908
0907
0906
0905
0904
0903
0902
0901
0900
0899
0898
0897
0896
0895
0894
0893
0892
0891
0890
0889
0888
0887
0886
0885
0884
0883
0882
0881
0880
0879
0878
0877
0876
0875
0874
0873
0872
0871
0870
0869
0868
0867
0866
0865
0864
0860
0861
0859
0858
0857
0856
0855
0854
0853
0852
0851
0850
0849
0848
0845
0847
0844
0843
0842
0841
0840
0839
0838
0837
0836
0835
0834
0833
0832
0829
0831
0826
0828
0825
0824
0823
0822
0821
0820
0819
0818
0817
0816
0813
0815
0812
0809
0811
0808
0805
0807
0804
0801
0911
0803
0944
0806
0960
0968
1006
1009
1020
0976
0982
0970
0998
1005
1007
1004
1003
1002
1001
1000
0996
0997
0995
0994
0993
0992
0991
0990
0989
0988
0987
0986
0985
0984
0981
0979
0983
0978
0973
0977
0975
0972
0969
0971
1008
1010
1014
1022
1027
1026
1025
1024
1021
1019
1023
1018
1017
1016
1013
1015
1011
1012
0980
0974
0999
1028
1046
1032
1041
1042
1030
1048
1045
1047
1043
1044
1040
1039
1036
1038
1033
1029
1035
1031
1034
1037
1049
1068
1053
1062
1063
1051
1070
1067
1069
1066
1064
1065
1061
1058
1060
1057
1054
1050
1056
1052
1055
1059
1071
1090
1075
1084
1085
1073
1092
1089
1091
1088
1086
1087
1083
1080
1082
1079
1076
1072
1078
1074
1077
1081
1093
1111
1115
1126
1098
1107
1095
1113
1110
1112
1109
1106
1108
1105
1104
1101
1100
1103
1097
1094
1096
1114
1116
1120
1128
1135
1134
1133
1132
1127
1131
1125
1129
1124
1123
1122
1119
1121
1117
1118
1130
1099
1102
1136
1155
1140
1149
1150
1138
1157
1154
1156
1153
1151
1152
1148
1145
1147
1144
1141
1137
1143
1139
1142
1146
1158
1177
1162
1171
1172
1160
1179
1176
1178
1175
1173
1174
1170
1167
1169
1166
1163
1159
1165
1161
1164
1168
1180
1263
1267
1275
1184
1220
1194
1182
1210
1262
1242
1261
1260
1259
1258
1257
1254
1256
1253
1252
1251
1250
1249
1248
1247
1246
1245
1244
1241
1243
1240
1237
1239
1236
1235
1234
1233
1232
1231
1230
1229
1228
1227
1226
1225
1224
1223
1222
1219
1221
1218
1217
1216
1215
1214
1213
1212
1209
1211
1208
1207
1204
1206
1203
1202
1201
1200
1199
1198
1197
1196
1193
1195
1192
1191
1190
1189
1188
1185
1181
1187
1183
1264
1266
1270
1278
1285
1284
1283
1282
1281
1280
1277
1279
1274
1276
1273
1272
1269
1271
1268
1205
1265
1238
1186
1255
1286
1387
1416
1420
1392
1302
1370
1446
1434
1451
1448
1450
1445
1447
1444
1443
1442
1437
1441
1439
1436
1433
1435
1452
1454
1458
1466
1473
1472
1471
1470
1469
1467
1468
1464
1463
1462
1461
1460
1457
1459
1456
1453
1455
1465
1440
1449
1438
1432
1300
1288
1316
1386
1348
1385
1384
1383
1382
1381
1378
1380
1377
1376
1375
1374
1373
1372
1369
1371
1368
1367
1366
1365
1362
1364
1361
1360
1359
1358
1357
1356
1355
1354
1353
1352
1351
1350
1347
1349
1346
1345
1344
1343
1342
1341
1340
1339
1338
1337
1336
1335
1334
1333
1332
1329
1331
1328
1327
1326
1325
1324
1323
1322
1321
1320
1319
1318
1315
1317
1314
1313
1312
1311
1310
1309
1308
1307
1306
1305
1304
1299
1303
1301
1298
1297
1296
1295
1294
1291
1293
1290
1287
1289
1388
1390
1394
1402
1409
1408
1407
1406
1405
1404
1401
1403
1400
1399
1398
1397
1396
1393
1389
1395
1391
1410
1424
1412
1431
1430
1429
1428
1427
1426
1423
1425
1422
1419
1421
1418
1415
1417
1414
1411
1330
1413
1363
1292
1379
1474
1538
1542
1550
1567
1493
1488
1476
1504
1535
1536
1537
1534
1533
1532
1531
1528
1530
1527
1526
1525
1524
1523
1522
1521
1520
1519
1518
1517
1516
1515
1512
1514
1511
1510
1509
1508
1507
1506
1503
1505
1502
1501
1500
1499
1498
1497
1496
1495
1492
1494
1491
1490
1487
1489
1486
1485
1484
1483
1482
1479
1475
1481
1477
1539
1541
1545
1553
1569
1580
1579
1578
1577
1576
1575
1574
1573
1572
1571
1568
1566
1570
1565
1564
1563
1562
1561
1560
1559
1558
1557
1556
1555
1552
1554
1549
1551
1548
1547
1544
1546
1543
1478
1540
1513
1480
1529
1581
1600
1585
1594
1595
1583
1602
1599
1601
1598
1596
1597
1593
1590
1592
1589
1586
1582
1588
1584
1587
1591
1603
1642
1645
1656
1611
1617
1605
1633
1641
1643
1640
1639
1638
1637
1636
1634
1635
1631
1630
1629
1628
1627
1626
1625
1624
1623
1622
1621
1620
1619
1615
1616
1614
1613
1608
1612
1610
1607
1604
1606
1707
1700
1678
1666
1684
1681
1683
1680
1677
1679
1676
1675
1672
1674
1669
1671
1668
1665
1667
1685
1687
1691
1699
1705
1704
1703
1701
1702
1697
1696
1695
1694
1693
1690
1692
1689
1686
1688
1706
1708
1712
1720
1726
1725
1724
1723
1722
1719
1721
1718
1717
1716
1715
1714
1711
1713
1710
1698
1709
1673
1682
1670
1664
1644
1646
1650
1658
1663
1662
1661
1660
1657
1655
1659
1654
1653
1652
1649
1651
1647
1648
1618
1609
1632
1727
1745
1731
1740
1741
1729
1747
1744
1746
1742
1743
1739
1738
1735
1737
1732
1728
1734
1730
1733
1736
1748
1831
1835
1843
1752
1788
1762
1750
1778
1830
1810
1829
1828
1827
1826
1825
1822
1824
1821
1820
1819
1818
1817
1816
1815
1814
1813
1812
1809
1811
1808
1805
1807
1804
1803
1802
1801
1800
1799
1798
1797
1796
1795
1794
1793
1792
1791
1790
1787
1789
1786
1785
1784
1783
1782
1781
1780
1777
1779
1776
1775
1772
1774
1771
1770
1769
1768
1767
1766
1765
1764
1761
1763
1760
1759
1758
1757
1756
1753
1749
1755
1751
1832
1834
1838
1846
1853
1852
1851
1850
1849
1848
1845
1847
1842
1844
1841
1840
1837
1839
1836
1773
1833
1806
1754
1823
1854
1934
1857
1865
1885
1918
1868
1856
1884
1933
1916
1932
1931
1930
1929
1928
1925
1927
1924
1923
1922
1921
1920
1915
1919
1917
1914
1913
1912
1911
1908
1910
1907
1906
1905
1904
1903
1902
1901
1900
1899
1898
1897
1896
1895
1894
1893
1892
1891
1890
1889
1888
1887
1886
1882
1883
1881
1880
1879
1878
1875
1877
1874
1873
1872
1871
1870
1867
1869
1864
1866
1863
1862
1859
1861
1858
1876
1855
1909
1860
1926
1935
1975
1981
1989
1942
1937
1965
1949
1974
1976
1973
1972
1971
1970
1969
1964
1968
1966
1963
1962
1961
1960
1959
1958
1957
1956
1955
1954
1953
1952
1950
1951
1947
1946
1945
1944
1943
1939
1940
1936
1938
1977
1979
1983
1991
1998
1997
1996
1995
1994
1993
1990
1988
1992
1987
1986
1985
1982
1984
1978
1980
1948
1941
1967
1999
2018
2025
2033
2052
2001
2020
2013
2017
2019
2016
2015
2012
2014
2011
2008
2010
2007
2004
2006
2003
2000
2002
2021
2023
2027
2035
2051
2062
2061
2058
2060
2057
2056
2055
2054
2053
2049
2050
2048
2047
2046
2045
2044
2043
2042
2041
2040
2039
2038
2037
2034
2032
2036
2031
2030
2029
2026
2028
2022
2024
2059
2005
2009
2063
2103
2108
2116
2136
2082
2077
2065
2093
2102
2104
2101
2100
2099
2098
2097
2092
2096
2094
2091
2090
2089
2088
2087
2086
2085
2084
2081
2083
2080
2078
2079
2075
2074
2073
2072
2071
2068
2070
2067
2064
2066
2105
2107
2111
2119
2135
2147
2146
2145
2144
2143
2142
2141
2140
2139
2138
2137
2133
2134
2130
2132
2129
2128
2127
2126
2125
2124
2123
2122
2121
2118
2120
2115
2117
2114
2113
2110
2112
2109
2131
2106
2076
2069
2095
2148
2165
2169
2181
2153
2162
2150
2167
2164
2166
2161
2163
2160
2159
2157
2158
2155
2152
2149
2151
2168
2170
2174
2182
2188
2187
2186
2185
2184
2179
2180
2178
2177
2176
2173
2175
2171
2172
2183
2154
2156
2189
2207
2213
2222
2241
2203
2266
2254
2272
2269
2271
2268
2265
2267
2264
2263
2260
2262
2257
2259
2256
2253
2255
2273
2275
2279
2287
2293
2292
2291
2290
2288
2289
2285
2284
2283
2282
2281
2278
2280
2277
2274
2276
2286
2261
2270
2258
2191
2252
2209
2206
2208
2205
2202
2204
2201
2200
2197
2199
2194
2196
2193
2190
2192
2210
2212
2216
2224
2240
2251
2250
2249
2246
2248
2245
2244
2243
2242
2238
2239
2237
2236
2235
2234
2233
2232
2231
2230
2229
2228
2227
2226
2223
2221
2225
2220
2219
2218
2215
2217
2211
2214
2247
2195
2198
2294
2296
2300
2308
2315
2316
2317
2318
2319
2320
2321
2322
2323
2324
2325
2326
2327
2328
2329
2330
2331
2332
2333
2334
2335
2336
2337
2338
2339
2340
2341
2342
2343
2344
2345
2346
2347
2348
2349
2350
2351
2352
2353
2354
2355
2356
2357
2358
2359
2360
2361
2362
2363
2364
2365
2366
2367
2368
2369
2370
2371
2372
2373
2374
2375
2376
2377
2378
2379
2380
2381
2382
2383
2384
2385
2386
2387
2388
2389
2390
2391
2392
2393
2394
2395
2396
2397
2398
2399
2400
2401
2402
2403
2404
2405
2406
2407
2408
2409
2410
2411
2412
2413
2414
2415
2416
2417
2418
2419
2420
2421
2422
2423
2424
2425
2426
2427
2428
2429
2430
2431
2432
2433
2434
2435
2436
2437
2438
2439
2440
2441
2442
2443
2444
2445
2446
2447
2448
2449
2450
2451
2452
2453
2454
2455
2456
2457
2458
2459
2461
2462
2463
2464
2465
2466
2467
2468
2469
2470
2471
2472
2473
2474
2475
2476
2477
2478
2479
2480
2481
2482
2483
2484
2485
2486
2487
2488
2489
2490
2491
2492
2493
2494
2495
2496
2497
2498
2499
2500
2501
2502
2503
2504
2505
2506
2507
2508
2509
2510
2511
2512
2513
2514
2515
2516
2517
2518
2519
2520
2521
2522
2523
2524
2525
2526
2527
2528
2529
2530
2531
2532
2533
2534
2535
2536
2537
2538
2539
2540
2541
2542
2543
2544
2545
2546
2547
2548
2549
2550
2551
2552
2553
2554
2555
2556
2557
2558
2559
2560
2561
2562
2563
2564
2565
2566
2567
2568
2569
2570
2571
2572
2573
2574
2575
2576
2577
2578
2579
2580
2581
2582
2583
2584
2585
2586
2587
2588
2589
2590
2591
2593
2594
2595
2596
2597
2598
2599
2600
2601
2602
2603
2604
2605
2606
2607
2608
2609
2610
2611
2612
2613
2614
2615
2616
2617
2618
2619
2620
2621
2622
2623
2625
2626
2627
2628
2629
2630
2631
2632
2633
2634
2635
2636
2637
2638
2639
2640
2641
2643
2644
2645
2646
2647
2648
2649
2651
2652
2653
2654
2655
2656
2657
2658
2659
2660
2661
2662
2663
2664
2665
2666
2668
2667
2669
2670
2671
2672
2673
2674
2675
2676
2677
2678
2680
2679
2681
2682
2683
2684
2685
2686
2687
2688
2689
2690
2691
2692
2693
2694
2695
2696
2697
2698
2699
2700
2701
2702
2703
2704
2705
2706
2707
2708
2709
2710
2711
2712
2713
2714
2715
2716
2717
2718
2719
2720
2721
2722
2723
2724
2725
2726
2727
2728
2729
2730
2731
2732
2733
2734
2735
2736
2737
2738
2739
2740
2741
2742
2743
2744
2745
2746
2747
2748
2749
2750
2751
2752
2753
2754
2755
2756
2757
2758
2759
2760
2761
2762
2763
2764
2765
2766
2767
2768
2769
2770
2771
2772
2773
2774
2775
2776
2777
2778
2779
2780
2781
2782
2783
2784
2785
2786
2787
2788
2789
2790
2791
2792
2793
2794
2795
2796
2797
2798
2799
2800
2801
2802
2803
2804
2805
2806
2807
2808
2809
2810
2811
2812
2813
2814
2815
2816
2817
2818
2819
2820
2821
2822
2823
2824
2825
2826
2827
2828
2829
2830
2831
2832
2833
2834
2835
2836
2837
2838
2839
2840
2841
2842
2843
2844
2845
2846
2847
2848
2849
2850
2851
2852
2853
2854
2855
2856
2857
2858
2859
2860
2861
2862
2863
2864
2865
2866
2867
2868
2869
2870
2871
2872
2873
2874
2875
2876
2877
2878
2879
2880
2881
2882
2883
2884
2885
2886
2887
2888
2889
2890
2891
2892
2893
2894
2895
2896
2897
2898
2899
2900
2901
2902
2903
2904
2905
2906
2907
2908
2909
2910
2911
2912
2913
2914
2915
2916
2917
2918
2919
2920
2921
2922
2923
2924
2925
2926
2927
2928
2929
2930
2931
2932
2933
2934
2935
2936
2937
2938
2939
2940
2941
2942
2943
2944
2945
2946
2947
2948
2949
2950
2951
2952
2953
2954
2955
2956
2957
2958
2959
2960
2961
2962
2963
2964
2965
2966
2967
2968
2969
2970
2971
2972
2973
2974
2975
2976
2977
2978
2979
2980
2981
2982
2983
2984
2985
2986
2987
2988
2989
2990
2991
2992
2993
2994
2995
2996
2997
2998
2999
3000
3001
3002
3003
3004
3005
3006
3007
3008
3009
3010
3011
3012
3013
3014
3015
3016
3017
3018
3019
3020
3021
3022
3023
3024
3025
3026
3027
3028
3029
3030
3031
3032
3033
3034
3035
3036
3037
3038
3039
3040
3041
3042
3043
3044
3045
3046
3047
3048
3049
3050
3051
3052
3053
3054
3055
3056
3057
3058
3059
3060
3061
3062
3063
3064
3065
3066
3067
3068
3069
3070
3071
3072
3073
3074
3075
3076
3077
3078
3079
3080
3081
3082
3083
3084
3085
3086
3087
3088
3089
3090
3091
3092
3093
3094
3095
3096
3097
3098
3099
3100
3101
3102
3103
3104
3105
3106
3107
3108
3109
3110
3111
3112
3113
3114
3115
3116
3117
3118
3119
3120
3121
3122
3123
3124
3125
3126
3127
3128
3129
3130
3131
3132
3135
2460
3136
3134
3137
2624
2650
2314
2592
2313
3133
2642
2312
2311
2310
2309
3138
3139
3140
3141
3142
3143
3144
3145
3146
3147
3148
3149
3150
3151
3152
3153
3154
3155
3156
3157
3158
3159
3160
3161
3162
3163
3164
3165
3166
3167
3168
3169
3170
3171
3172
3173
3174
3175
3176
3177
3178
3179
3180
3181
3182
3183
3184
3185
3186
3187
3188
3189
3190
3191
3192
3193
3194
3195
3196
3197
3198
3199
3200
3201
3202
3203
3204
3205
3206
3207
3208
3209
3210
3211
3212
3213
3214
3215
3216
3217
3218
3219
3220
3221
3222
3223
3224
3225
3226
3227
3228
3229
3230
3231
3232
3233
3234
3235
3236
3237
3238
3239
3240
3241
3242
3243
3244
3245
3246
3247
3248
3249
3250
3251
3253
3252
3254
3255
3256
3257
3258
3259
3260
3261
3262
3263
3264
3265
3266
3267
3268
3269
3270
3271
3272
3273
3274
3275
3276
3277
3278
3279
3280
3281
3282
3283
3284
3285
3286
3287
3288
3289
3290
3291
3292
3293
3294
3295
3296
3297
3298
3299
3300
3301
3302
3303
3304
3305
3306
3307
3308
3309
3310
3311
3312
3313
3314
3315
3316
3317
3318
3319
3320
3321
3322
3323
3324
3325
3326
3327
3328
3329
3330
3331
3332
3333
3334
3335
3336
3337
3338
3339
3340
3341
3342
3343
3344
3345
3346
3347
3348
3349
3350
3351
3352
3353
3354
3355
3356
3357
3358
3359
3360
3361
3362
3363
3364
3365
3366
3367
3368
3369
3370
3371
3372
3373
3374
3375
3376
3377
3378
3379
3380
3381
3382
3383
3384
3385
3386
3387
3388
3389
3390
3391
3392
3393
3394
3395
3396
3397
3398
3399
3400
3401
3402
3403
3404
3405
3406
3407
3408
3409
3410
3411
3412
3413
3414
3415
3416
3417
3418
3419
3420
3421
3422
3423
3424
3425
3426
3427
3428
3429
3430
3431
3432
3433
3434
3435
3436
3437
3438
3439
3440
3441
3442
3443
3444
3445
3446
3447
3448
3449
3450
3451
3452
3453
3454
3455
3456
3457
3458
3459
3460
3461
3462
3463
3464
3465
3466
3467
3468
3469
3470
3471
3472
3473
3474
3475
3476
3477
3478
3479
3480
3481
3482
3483
3484
3485
3486
3487
3488
3489
3490
3491
3492
3493
3494
3495
3496
3497
3498
3499
3500
3501
3502
3503
3504
3505
3506
3507
3508
3509
3510
3511
3512
3513
3514
3515
3516
3517
3518
3519
3520
3521
3522
3523
3524
3525
3526
3527
3528
3529
3530
3531
3532
3533
3534
3535
3536
3537
3538
3539
3540
3541
3542
3543
3544
3545
3546
3547
3548
3549
3550
3551
3552
3553
3554
3555
3556
3557
3558
3559
3560
3561
3562
3563
3564
3565
3566
3567
3568
3569
3570
3571
3572
3573
3574
3575
3576
3577
3578
3579
3580
3581
3582
3583
3584
3585
3586
3587
3588
3589
3590
3591
3592
3593
3594
3595
3596
3597
3598
3599
3600
3601
3602
3603
3604
3605
3606
3607
3608
3609
3610
3611
3612
3613
3614
3615
3616
3617
3618
3619
3620
3621
3622
3623
3624
3625
3626
3627
3628
3629
3630
3631
3632
3633
3634
3635
3636
3637
3638
3639
3640
3641
3642
3643
3644
3645
3646
3647
3648
3649
3650
3651
3652
3653
3654
3655
3656
3657
3658
3659
3660
3661
3662
3663
3664
3665
3666
3667
3668
3669
3670
3671
3672
3673
3674
3675
3676
3677
3678
3679
3680
3681
3682
3683
3684
3685
3686
3687
3688
3689
3690
3691
3692
3693
3694
3695
3696
3697
3698
3699
3700
3701
3702
3703
3704
3705
3706
3707
3708
3709
3710
3711
3712
3713
3714
3715
3716
3717
3718
3719
3720
3721
3722
3723
3724
3725
3726
3727
3728
3729
3730
3731
3732
3733
3734
3735
3736
3737
3738
3739
3740
3741
3742
3743
3744
3745
3746
3747
3748
3749
3750
3751
3752
3753
3754
3755
3756
3757
3758
3759
3760
3761
3762
3763
3764
3765
3766
3767
3768
3769
3770
3771
3772
3773
3774
3775
3776
3777
3778
3779
3780
3781
3782
3783
3784
3785
3786
3787
3788
3789
3790
3791
3792
3793
3794
3795
3796
3797
3798
3799
3800
3801
3802
3803
3804
3805
3806
3807
3808
3809
3810
3811
3812
3813
3814
3815
3816
3817
3818
3819
3820
3821
3822
3823
3824
3825
3826
3827
3828
3829
3830
3831
3832
3833
3834
3835
3836
3837
2307
3838
3839
3840
3841
3842
3843
3844
3845
3846
3847
3848
3849
3850
3851
3852
3853
3854
3855
3856
3857
3858
3859
3860
3861
3862
3863
3864
3865
3866
3867
3868
3869
3870
3871
3872
3873
3874
3875
3876
3877
3878
3879
3880
3881
3882
3883
3884
3885
3886
3887
3888
3889
3890
3891
3892
3893
3894
3895
3896
3897
3898
3899
3900
3901
3902
3903
3904
3905
3906
3907
3908
3909
3910
3911
3912
3913
3914
3915
3916
3917
3918
3919
3920
3921
3922
3923
3924
3925
3926
3927
3928
3929
3930
3931
3932
3933
3934
3935
3936
3937
3938
3939
3940
3941
3942
3943
3944
3945
3946
3947
3948
3949
3950
3951
3952
3953
3954
3955
3956
3957
3958
3959
3960
3961
3962
3963
3964
3965
3966
3967
3968
3969
3970
3971
3972
3973
3974
3975
3976
3977
3978
3979
3980
3981
3982
3983
3984
3985
3986
3987
3988
3989
3990
3991
3992
3993
3994
3995
3996
3997
3998
3999
4000
4001
4002
4003
4004
4005
4006
4007
4008
4009
4010
4011
4012
4013
4014
4015
4016
4017
4018
4019
4020
4021
4022
4023
4024
4025
4026
4027
4028
4029
4030
4031
4032
4033
4034
4035
4036
4037
4038
4039
4040
4041
4042
4043
4044
4045
4046
4047
4048
4049
4050
4051
4052
4053
4054
4055
4056
4057
4058
4059
4060
4061
4062
4063
4064
4065
4066
4067
4068
4069
4070
4071
4072
4073
4074
4075
4076
4077
4078
4079
4080
4081
4082
4083
4084
4085
4086
4087
4088
4089
4090
4091
4092
4093
4094
4095
4096
4097
4098
4099
4100
4101
4102
4103
4104
4105
4106
4107
4108
4109
4110
4111
4112
4113
4114
4115
4116
4117
4118
4119
4120
4121
4122
4123
4124
4125
4126
4127
4128
4129
4130
4131
4132
4133
4134
4135
4136
4137
4138
4139
4140
4141
4142
4143
4144
4145
4146
4147
4148
4149
4150
4151
4152
4153
4154
4155
4156
4157
4158
4159
4160
4161
4162
4163
4164
4165
4166
4167
4168
4169
4170
4171
4172
4173
4174
4175
4176
4177
4178
4179
4180
4181
4182
4183
4184
4185
4186
4187
4188
4189
4190
4191
4192
4193
4194
4195
4196
4197
4198
4199
4200
4201
4202
4203
4204
4205
4206
4207
4208
4209
4210
4211
4212
4213
4214
4215
4216
4217
4218
4219
4220
4221
4222
4223
4224
4225
4226
4227
4228
4229
4230
4231
4232
4233
4234
4235
4236
4237
4238
4239
4240
4241
4242
4243
4244
4245
4246
4247
4248
4249
4250
4251
4252
4253
4254
4255
4256
4257
4258
4259
4260
4261
4262
4263
4264
4265
4266
4267
4268
4269
4270
4271
4272
4273
4274
4275
4276
4277
4278
4279
4280
4281
4282
4283
4284
4285
4286
4287
4288
4289
4290
4291
4292
4293
4294
4295
4296
4297
4298
4299
4300
4301
4302
4303
4304
4305
4306
4307
4308
4309
4310
4311
4312
4313
4314
4315
4316
4317
4318
4319
4320
4321
4322
4323
4324
4325
4326
4327
4328
4329
4330
4331
4332
4333
4334
4335
4336
4337
4338
4339
4340
4341
4342
4343
4344
4345
4346
4347
4348
4349
4350
4351
4352
4353
4354
4355
4356
4357
4358
4359
4360
4361
4362
4363
4364
4365
4366
4367
4368
4369
4370
4371
4372
4373
4374
4375
4376
4377
4378
4379
4380
4381
4382
4383
4384
4385
4386
4387
4388
4389
4390
4391
4392
4393
4394
4395
4396
4397
4398
4399
4400
4401
4402
4403
4404
4405
4406
4407
4408
4409
4410
4411
4412
4413
4414
4415
4416
4417
4418
4419
4420
4421
4422
4423
4424
4425
4426
4427
4428
4429
4430
4431
4432
4433
4434
4435
4436
4437
4438
4439
4440
4441
4442
4443
4444
4445
4446
4447
4448
4449
4450
4451
4452
4453
4454
4455
4456
4457
4458
4459
4460
4461
4462
4463
4464
4465
4466
4467
4468
4469
4470
4471
4472
4473
4474
4475
4476
4477
4478
4479
4480
4481
4482
4483
4484
4485
4486
4487
4488
4489
4490
4491
4492
4493
4494
4495
4496
4497
4498
4499
4500
4501
4502
4503
4504
4505
4506
4507
4508
4509
4510
4511
4512
4513
4514
4515
4516
4517
4518
4519
4520
4521
4522
4523
4524
4525
4526
4527
4528
4529
4530
4531
4532
4533
4534
4535
4536
4537
4538
4539
4540
4541
4542
4543
4544
4545
4546
4547
4548
4549
4550
4551
4552
4553
4554
4555
4556
4557
4558
4559
4560
4561
4562
4563
4564
4565
4566
4567
4568
4569
4570
4571
4572
4573
4574
4575
4576
4577
4578
4579
4580
4581
4582
4583
4584
4585
4586
4587
4588
4589
4590
4591
4592
4593
4594
4595
4596
4597
4598
4599
4600
4601
4602
4603
4604
4605
4606
4607
4608
4609
4610
4611
4612
4613
4614
4615
4616
4617
4618
4619
4620
4621
4622
4623
4624
4625
4626
4627
4628
4629
4630
4631
4632
4633
4634
4635
4636
4637
4638
4639
4640
4641
4642
4643
4644
4645
4646
4647
4648
4649
4650
4651
4652
4653
4654
4655
4656
4657
4658
4659
4660
4661
4662
4663
4664
4665
4666
4667
4668
4669
4670
4671
4672
4673
4674
4675
4676
4677
4678
4679
4680
4681
4682
4683
4684
4685
4686
4687
4688
4689
4690
4691
4692
4693
4694
4695
4696
4697
4698
4699
4700
4701
4702
4703
4704
4705
4706
4707
4708
4709
4710
4711
4712
4713
4714
4715
4716
4717
4718
4719
4720
4721
4722
4723
4724
4725
4726
4727
4728
4729
4730
4731
4732
4733
4734
4735
4736
4737
4738
4739
4740
4741
4742
4743
4744
4745
4746
4747
4748
4749
4750
4751
4752
4753
4754
4755
4756
4757
4758
4759
4760
4761
4762
4764
4763
4765
4766
4767
4768
4769
4770
4771
4772
4773
4774
4775
4776
4777
4778
4779
4780
4781
4782
4783
4784
4785
4786
4787
4788
4789
4790
4791
4792
4793
4794
4795
4796
4797
4798
4799
4800
4801
4802
4803
4804
4805
4806
4807
4808
4809
4810
4811
4812
4813
4814
4815
4816
4817
4818
4819
4820
4821
4822
4823
4824
4825
4826
4827
4828
4829
4830
4831
4832
4833
4834
4835
4836
4837
4838
4839
4840
4841
4842
4843
4844
4845
4846
4847
4848
4849
4850
4851
4852
4853
4854
4855
4856
4857
4858
4859
4860
4861
4862
4863
4864
4865
4866
4867
4868
4869
4870
4871
4872
4873
4874
4875
4876
4877
4878
4879
4880
4881
4882
4883
4884
4885
4886
4887
4888
4889
4890
4891
4892
4893
4894
4895
4896
4897
4898
4899
4900
4901
4902
4903
4904
4905
4906
4907
4908
4909
4910
4911
4912
4913
4914
4915
4916
4917
4918
4919
4920
4921
4922
4923
4924
4925
4926
4927
4928
4929
4930
4931
4932
4933
4934
4935
4936
4937
4938
4939
4940
4941
4942
4943
4944
4945
4946
4947
4948
4949
4950
4951
4952
4953
4954
4955
4956
4957
4958
4959
4960
4961
4962
4963
4964
4965
4966
4967
4968
4969
4970
4971
4972
4973
4974
4975
4976
4977
4978
4979
4980
4981
4982
4983
4984
4985
4986
4987
4988
4989
4990
4991
4992
4993
4994
4995
4996
4997
4998
4999
5000
5001
5002
5003
5004
5005
5006
5007
5008
5009
5010
5011
5012
5013
5014
5015
5016
5017
5018
5019
5020
5021
5022
5023
5024
5025
5026
5027
5028
5029
5030
5031
5032
5033
5034
5035
5036
5037
5038
5039
5040
5041
5042
5043
5044
5045
5046
5047
5048
5049
5050
5051
5052
5053
5054
5055
5056
5057
5058
5059
5060
5061
5062
5063
5064
5065
5066
5067
5068
5069
5070
5071
5072
5073
5074
5075
5076
5077
5078
5079
5080
5081
5082
5083
5084
5085
5086
5087
5088
5089
5090
5091
5092
5093
5094
5095
5096
5097
5098
5099
5100
5101
5102
5103
5104
5105
5106
5107
5108
5109
5110
5111
5112
5113
5114
5115
5116
5117
5118
5119
5120
5121
5122
5123
5124
5125
5126
5127
5128
5129
5130
5131
5132
5133
5134
5135
5136
5137
5138
5139
5140
5141
5142
5143
5144
5145
5146
5147
5148
5149
5150
5151
5152
5153
5154
5155
5156
5157
5158
5159
5160
5161
5162
5163
5164
5165
5166
5167
5168
5169
5170
5171
5172
5173
5174
5175
5176
5177
5178
5179
5180
5181
5182
5183
5184
5185
5186
5187
5188
5189
5190
5191
5192
5193
5194
5195
5196
5197
5198
5199
5200
5201
5202
5203
5204
5205
5206
5207
5208
5209
5210
5211
5212
5213
5214
5215
5216
5217
5218
5219
5220
5221
5222
5223
5224
5225
5226
5227
5228
5229
5230
5231
5232
5233
5234
5235
5236
5237
5238
5240
5241
5242
5243
5244
5245
5246
5247
5248
5249
5250
5251
5252
5253
5254
5255
5256
5257
5258
5259
5260
5261
5262
5263
5264
5265
5266
5267
5268
5269
5270
5271
5272
5273
5274
5275
5276
5277
5278
5279
5280
5281
5282
5283
5284
5285
5286
5287
5288
5289
5290
5291
5292
5293
5294
5295
5296
5297
5298
5299
5300
5301
5302
5303
5304
5305
5306
5307
5308
5309
5310
5311
5312
5313
5314
5315
5316
5317
5318
5319
5320
5321
5322
5323
5324
5325
5326
5327
5328
5329
5330
5331
5332
5333
5334
5335
5336
5337
5338
5339
5340
5341
5342
5343
5344
5345
5346
5347
5348
5349
5350
5351
5352
5353
5354
5355
5356
5357
5358
5359
5360
5361
5362
5363
5364
5365
5366
5367
5368
5369
5370
5371
5372
5373
5374
5375
5376
5377
5378
5379
5380
5381
5382
5383
5384
5385
5386
5387
5388
5389
5390
5391
5392
5393
5394
5395
5396
5397
5398
5399
5400
5401
5402
5403
5404
5405
5406
5407
5408
5409
5410
5411
5412
5413
5414
5415
5416
5417
5418
5419
5420
5421
5422
5423
5424
5425
5426
5427
5428
5429
5430
5431
5432
5433
5434
5435
5436
5437
5438
5439
5440
5441
5442
5443
5444
5445
5446
5447
5448
5449
5450
5451
5452
5453
5454
5455
5456
5457
5458
5459
5460
5461
5462
5463
5464
5465
5466
5467
5468
5469
5470
5471
5472
5473
5474
5475
5476
5477
5478
5479
5480
5481
5482
5483
5484
5485
5486
5487
5488
5489
5490
5491
5492
5493
5494
5495
5496
5497
5498
5499
5500
5501
5502
5503
5504
5505
5506
5507
5508
5509
5510
5511
5512
5513
5514
5515
5516
5517
5518
5519
5520
5521
5522
5523
5524
5525
5526
5527
5528
5529
5530
5531
5532
5533
5534
5535
5536
5537
5538
5539
5540
5541
5542
5543
5544
5545
5546
5547
5548
5549
5550
5551
5552
5553
5554
5555
5556
5557
5558
5559
5560
5561
5562
5563
5564
5565
5566
5567
5568
5569
5570
5571
5572
5573
5574
5575
5576
5577
5578
5579
5580
5581
5582
5583
5584
5585
5586
5587
5588
5589
5590
5591
5592
5593
5594
5595
5596
5597
5598
5599
5600
5601
5602
5603
5604
5605
5606
5607
5608
5609
5610
5611
5612
5613
5614
5615
5616
5617
5618
5619
5620
5621
5622
5623
5624
5625
5626
5627
5628
5629
5630
5631
5632
5633
5634
5635
5636
5637
5638
5639
5640
5641
5642
5643
5644
5645
5646
5647
5648
5649
5650
5651
5652
5653
5654
5655
5656
5657
5658
5659
5660
5661
5662
5663
5664
5665
5666
5667
5668
5669
5670
5671
5672
5673
5674
5675
5676
5677
5678
5679
5680
5681
5682
5683
5684
5685
5686
5687
5688
5689
5690
5691
5692
5693
5694
5695
5696
5697
5698
5699
5700
5701
5702
5703
5704
5705
5706
5707
5708
5709
5710
5711
5712
5713
5714
5715
5716
5717
5718
5719
5720
5721
5722
5723
5724
5725
5726
5727
5728
5729
5730
5731
5732
5733
5734
5735
5736
5737
5738
5739
5740
5741
5742
5743
5744
5745
5746
5747
5748
5749
5750
5751
5752
5753
5754
5755
5756
5757
5758
5759
5760
5761
5762
5763
5764
5765
5766
5767
5768
5769
5770
5771
5772
5773
5774
5775
5776
5777
5778
5779
5780
5781
5782
5783
5784
5785
5786
5787
5788
5789
5790
5791
5792
5793
5794
5795
5796
5797
5798
5799
5800
5801
5802
5803
5804
5805
5806
5807
5808
5809
5810
5811
5812
5813
5814
5815
5816
5817
5818
5819
5820
5821
5822
5823
5824
5825
5826
5827
5828
5829
5830
5831
5832
5833
5834
5835
5836
5837
5838
5839
5840
5841
5842
5843
5844
5845
5846
5847
5848
5849
5850
5851
5852
5853
5854
5855
5856
5857
5858
5859
5860
5861
5862
5863
5864
5865
5866
5867
5868
5869
5870
5871
5872
5873
5874
5875
5876
5877
5878
5879
5880
5881
5882
5883
5884
5885
5886
5887
5888
5889
5890
5891
5892
5893
5894
5895
5896
5897
5898
5899
5900
5901
5902
5903
5904
5905
5906
5907
5908
5909
5910
5911
5912
5913
5914
5915
5916
5917
5918
5919
5920
5921
5922
5923
5924
5925
5926
5927
5928
5929
5930
5931
5932
5933
5934
5935
5936
5937
5938
5939
5940
5941
5942
5943
5944
5945
5946
5947
5948
5949
5950
5951
5952
5953
5954
5955
5956
5957
5958
5959
5960
5961
5962
5963
5964
5965
5966
5967
5968
5969
5970
5971
5972
5973
5974
5975
5976
5977
5978
5979
5980
5981
5982
5983
5984
5985
5986
5987
5988
5989
5990
5991
5992
5993
5994
5995
5996
5997
2305
2301
6000
5239
5998
2306
2304
2303
2302
2299
2295
2297
5999
2298
